000003
000004
000005
000006
000007
000008
000010
000011
000012
000013
000019
000020
000022
000023
000024
000025
000026
000027
000044
000045
000048
000049
000050
000051
000052
000053
000054
000055
000058
000064
000065
000066
000067
000068
000069
000070
000071
000072
000073
000074
000075
000080
000081
000082
000083
000092
000093
000094
000095
000096
000097
000098
000099
000100
000101
000102
000103
000104
000105
000106
000107
000108
000109
000110
000111
000112
000113
000114
000115
000116
000120
000121
000122
000123
000124
000130
000135
000136
000138
000139
000140
000141
000142
000143
000144
000145
000146
000147
000148
000149
000150
000151
000152
000156
000157
000158
000159
000160
000161
000162
000163
000164
000165
000166
000170
000177
000178
000179
000203
000204
000205
000206
000213
000214
000215
000216
000217
000218
000219
000223
000224
000225
000226
000227
000228
000229
000230
000231
000232
000233
000234
000235
000236
000237
000238
000239
000240
000241
000242
000243
000244
000245
000246
000247
000248
000249
000251
000252
000253
000254
000255
000256
000257
000258
000259
000260
000261
000262
000263
000265
000266
000267
000268
000269
000270
000274
000275
000276
000277
000278
000286
000287
000288
000289
000290
000291
000292
000293
000294
000295
000303
000304
000305
000306
000307
000308
000309
000313
000314
000318
000319
000320
000321
000322
000323
000324
000336
000337
000338
000339
000340
000341
000342
000343
000344
000345
000346
000347
000348
000349
000350
000353
000354
000365
000366
000367
000368
000369
000370
000371
000372
000373
000374
000375
000376
000377
000378
000379
000380
000381
000382
000383
000391
000392
000393
000394
000398
000399
000400
000401
000402
000403
000404
000405
000406
000407
000408
000409
000410
000415
000416
000417
000418
000419
000420
000421
000422
000423
000424
000425
000426
000427
000428
000429
000436
000437
000438
000439
000440
000449
000450
000451
000452
000453
000454
000455
000456
000457
000458
000459
000460
000461
000467
000468
000478
000479
000480
000481
000482
000483
000484
000485
000486
000487
000488
000489
000490
000491
000492
000493
000494
000495
000496
000497
000498
000499
000500
000501
000502
000503
000504
000505
000506
000507
000514
000527
000528
000529
000530
000534
000535
000536
000540
000541
000542
000543
000544
000545
000546
000547
000548
000552
000553
000554
000572
000573
000574
000575
000576
000577
000578
000584
000585
000586
000587
000588
000589
000590
000595
000596
000597
000598
000599
000600
000601
000602
000608
000609
000610
000611
000614
000615
000616
000622
000623
000624
000625
000626
000627
000628
000629
000630
000631
000632
000639
000640
000641
000642
000643
000646
000647
000648
000649
000652
000653
000654
000655
000659
000660
000661
000662
000665
000666
000667
000674
000675
000682
000683
000684
000685
000691
000692
000695
000696
000700
000701
000702
000703
000704
000705
000714
000715
000716
000719
000720
000721
000722
000723
000729
000730
000735
000736
000737
000738
000739
000740
000741
000742
000745
000746
000747
000748
000749
000750
000751
000752
000753
000754
000755
000756
000757
000758
000788
000789
000790
000791
000792
000793
000794
000795
000796
000797
000798
000799
000805
000806
000807
000808
000809
000815
000816
000817
000818
000819
000820
000824
000825
000826
000827
000828
000829
000830
000831
000832
000847
000848
000849
000853
000854
000855
000856
000863
000864
000865
000866
000867
000868
000872
000873
000874
000875
000876
000877
000878
000879
000880
000881
000882
000883
000884
000885
000886
000887
000888
000889
000890
000891
000892
000893
000894
000895
000896
000897
000898
000899
000900
000901
000902
000903
000904
000905
000909
000910
000911
000912
000913
000914
000915
000916
000920
000921
000922
000923
000924
000925
000929
000930
000931
000936
000937
000938
000939
000940
000941
000942
000943
000944
000948
000949
000950
000951
000952
000953
000954
000955
000956
000957
000958
000963
000964
000968
000969
000978
000979
000980
000981
000982
000983
000984
000985
000986
000987
000988
000989
000990
000996
000997
000998
000999
001000
001005
001006
001007
001008
001009
001013
001014
001015
001016
001017
001018
001019
001020
001024
001025
001026
001027
001028
001029
001030
001031
001035
001036
001037
001040
001041
001042
001043
001044
001045
001046
001047
001050
001051
001054
001055
001056
001059
001060
001061
001062
001063
001064
001065
001066
001067
001068
001069
001070
001071
001072
001073
001074
001085
001086
001087
001097
001105
001110
001111
001112
001113
001114
001115
001116
001120
001121
001122
001132
001133
001134
001137
001138
001139
001140
001141
001142
001143
001159
001160
001161
001168
001169
001172
001173
001177
001178
001185
001186
001187
001188
001189
001190
001191
001197
001198
001199
001200
001213
001214
001215
001221
001222
001223
001224
001225
001231
001232
001236
001237
001238
001239
001240
001241
001242
001243
001244
001245
001246
001251
001252
001253
001266
001267
001268
001269
001270
001271
001272
001273
001274
001281
001282
001283
001284
001296
001300
001301
001309
001310
001311
001312
001313
001316
001317
001318
001319
001320
001321
001322
001323
001324
001325
001326
001327
001328
001333
001334
001341
001342
001343
001344
001345
001346
001350
001351
001352
001357
001358
001359
001360
001361
001362
001363
001366
001367
001370
001371
001372
001373
001374
001375
001376
001377
001378
001379
001380
001381
001382
001383
001392
001393
001402
001403
001404
001405
001406
001415
001416
001417
001418
001419
001420
001425
001426
001427
001428
001429
001434
001435
001436
001437
001438
001439
001440
